1
14
25
47
67
71
90
179
241
263
384
388
392
437
1593
1242
1346
1412
1481
1513
1533
1536
1538
1541
1552
1553
1559
1619
1746
1757
1768
1777
1782
1791
1801
1809
1812
1818
1860
1879
1890
1892
1895
1896
1900
1941
1955
1966
1976
1991
1997
2015
2020
2034
2043
2044
2053
2064
2065
2073
2074
2076
2084
2085
2088
2091
2102
2104
2110
2115
2116
2118
2119
2122
2124
2127
2131
2132
2133
2134
2136
2137
2142
2149
2152
2154
2155
2156
2159
2165
2166
2170
2172
2176
2177
2179
2180
2182
2184
2185
2189
2192
2193
2195
2196
2197
2198
2199
2201
2203
2204
2206
2207
2209
2210
2212
2217
2218
2220
2221
2224
2226
2227
2228
2230
2231
2232
2233
2234
2235
26
39
82
93
152
155
245
276
279
280
424
431
2205
2229
11
21
34
50
80
99
103
111
113
121
124
133
150
164
183
195
209
239
291
302
311
312
321
325
327
332
346
347
349
350
351
352
353
354
357
358
359
361
363
374
377
381
389
391
393
394
412
418
423
429
453
461
477
483
488
1764
1771
2139
2160
2162
2178
2223
17
60
65
66
115
116
117
118
167
168
169
190
198
217
218
219
220
223
224
225
226
227
228
229
230
232
234
289
328
329
330
378
379
380
383
387
395
400
402
403
404
415
444
1364
2175
2219
2222
23
27
29
51
53
54
72
74
75
76
77
79
81
83
84
86
88
89
109
110
112
170
235
236
237
242
243
244
246
247
248
249
250
251
252
253
254
255
288
298
368
372
385
390
396
401
408
409
442
2099
2106
2117
2190
2213
3
4
6
9
10
12
13
15
18
19
20
49
57
58
59
70
137
138
171
172
173
278
303
304
305
306
307
308
315
316
317
318
319
322
323
324
326
331
333
360
362
364
365
366
367
369
371
373
376
443
445
446
447
450
451
452
454
466
469
474
478
492
1983
2158
2215
2216
91
94
95
97
100
101
102
104
105
106
107
108
120
123
125
127
129
130
134
135
136
151
153
154
156
157
158
159
160
161
163
165
176
177
178
181
182
184
197
199
200
207
257
273
274
275
277
282
283
284
285
286
290
294
295
296
297
299
343
344
345
493
2194
2211
2225
30
31
33
35
36
37
38
40
41
42
43
44
45
46
48
139
140
143
144
145
146
185
186
187
188
189
191
192
193
194
196
202
203
204
205
206
260
261
262
265
266
267
268
269
270
271
272
301
309
334
335
337
339
340
341
342
405
406
407
410
411
416
417
420
421
422
426
2080
2202
208
210
211
212
214
215
216
432
433
434
435
436
439
440
455
456
458
459
460
463
465
467
472
473
475
481
482
484
485
487
489
491
2208
